1
1
1
1
8
1
2
48
147
11
1
32
1
6
2
1
4
1
1
2
1
1
1
58
1
3
1
1
1
1
1
2
1
1
3
1
13
1
1
1
6
1
2
1
1
3
21
1
2
2
1
3
1
1
1
1
2
8
1
1
1
1
35
2
4
12
1
6
1
1
139
5
1
1
1
13
7
1
2
5
1
1
2
7
1
1
242
1
5
1
1
113
3
22
2
1
24
1
4
1
1
1
1
1
4
2
1
73
3
1
7
1
2
918
16
13
1
2
1
3
1
1
1
1
3
1
6
3
1
1
2
1
17
1
1
4
41
1
2
1
1
11
1
1
10
1
2
1
7
1
5
3
8
1
35
2
5
1
1
246
2
1
1
1
1
1
1
1
1
15
1
3
1
2
1
13
1
212
1
1
1
2
1
34
66
2
14
4
2
1
2
1
1
2
77
1
1
1
1
2
2
4
1
1
1
1
6
1
1
1
1
6
1
3
6
93
4
1
1
1
1
1
2
1
1
1
5
1
1
1
2
1
4
1
1
1
1
1
2
1
1
1
1
2
5
1
1
1
1
11
2
9
2
1
2
1
229
20
1
1
43
1
1
5
1
1
1
47
1
12
1
5
2
1
4
2
1
1
5
1
1
1
1
2
2
1
1
1
1396
1
27
3
2
1
4
455
4
9
10
1
1
24
1
1
32
1
1
1
2
1
1
34
1
2
2
1
1
5
8
2
1
2
1
1
1
3
1
1
147
5
13
1
14
3
290
1
1
896
9
9
2
1
1
1
4
4
3
1
3
1
1
2
2
1
17
1
9
1
1
4
1
1
1
2
1
508
1
1
1
5
1
3
2
1
2
1
1
2
1
16
1
1
1
1
1
1
1
2
1
1
1
1
1
9
1
1
1
1
4
2
1
6
2
1
19
1
1
1
1
1
4
1
36
8
1
174
14
1
1
1
119
1
11
4
1
2
1
1
2
1
1
2
1
1
1
62
1
1
1
2
1
1
2
1
3
1
27
1
1
1
7
1
3
1
2
1
2
3
1
1
9
40
1
1
30
1
1
1
6
1
2
1
1
1
1
1
1
1
1
65
1
1
1
1
1
2
2
89
5
17
12
6
34
1
1
20
1
1
3
1
2
2
3
1
326
1
1
1
1
1
3
3
1
1
195
1
1
1
4
1
1
6
14
1
1
5
5
1
1
8
1
1
8
1
133
133
9
3
5
1
1
2
1
3
3
29
1
7
5
1
1
1
1
2
5
1
2
1
4
1
2
6
179
1
1
1
1
2
39
2
1
1
2
8
3
2
10
1
1
20
1
24
1
1
1
1
2
1
1
1
1
104
19
8
1
1
2
1
1
1
1
1
1
3
8
1
1
21
1
1
1
6
1
1
2
2
1
5
13
2
1
1
1
3
1
4
5
1
2
40
25
1
5
1
9
5
1
5
2
1
1
1
2
1
1
1
1
14
333
1
1
1
1
1
1
22
86
17
1
1
1
1
15
7
1
1
32
1
1
1
1
2
1
13
1
1
12
3
1
2
1
1
1
10
7
12
11
1
2
5
1
1
137
1
1
3
2
1
2
98
2
2
2
1
1
1
79
1
2
1
1
2
1
1
1
94
84
1
1
1
274
2
2
1
2
1
3
3
1
9
9
3
1
1
4
2
3
1
17
2
1
9
1
1
1
1
2
1
1
1
1
1
1
25
1
1
2
1
1
192
1
1
2
4
1
1
2
1
1
2
1
6
16
2
1
8
51
71
14
1
69
5
17
3
1
1
1
1
24
1
1
1
1
95
1
4
4
2
21
247
1
2
6
1
1
1
1
1
1
1
1
15
1
11
1
1
15
21
1
1
1
8
2
8
2
1
13
1
18
1
1
1
1
1
1
2
1
2
2
3
1
1
3
1
1
1
295
3
2
2
2
2
1
7
1
1
1
3
5
27
2
1
5
55
1
1
2
4
1
1
1
1
5
7
8
3
1
1
1
7
1
1
23
3
1
2
1
2
1
3
1
2
2
1
1
1
2
3
1
3
4
1
1
1
4
1
12
2
4
1
2
110
1
2
1
207
1
4
1
1
4
1
1
29
1
36
1
290
1
4
7
1
5
6
2
4
1
1
1
5
1
5
2
6
1
2
1
3
2
1
1
4
4
203
1
2
2
1
2
23
1
1
1
1
56
1
4
1
1
3
1
4
1
1
17
347
27
1
1
1
2
4
6
1
1
1
2
3
74
6
1
1
45
1
2
1
1
1
1
3
1
44
1
1
1
13
1
163
5
1
3
1
4
11
2
1
1
18
2
1
15
3
6
1
517
1
911
1
512
1
148
4
1
1
1
1
3
1
1
2
1
4
1
1
74
166
1
1
5
424
1
7
1
8
5
1
5
4
4
1
8
1
1
1
1
1
2
2
21
6
1
2
4
2
6
1
1
4
2
3
1
11
1
2
1
5
4
1
2
2
3
1
1
1
1
1
1
1
5
11
34
21
1
1
1
1
1
1
1
15
148
4
1
1
1
1
1
1
2
1
2
1
1785
2
1
1
2
1
1
6
14
1
3
1
1
1
1
1
2
13
12
1
3
1
7
1
2
14
1
1
1
1
5
11
2
1
1
20
1
4
4
9
10
1
1
1
1
20
1
1
4
1
1
1
1048
1
325
1
2
11
8
7
1
14
1
1
1
2
7
1
3
1
2
1
1
1
1
1
1
1
2
1
2
1
1
302
2
1
1
14
2
1
130
1
5
20
20
1
1
62
1
1
1
3
1
1
1
1
2
1
3
11
1
1
2
265
1
3
1
2
29
1
1
3
1
1
1
2
1
1
1
8
1
1
1
1
3
1
1
1
1
1
1
1
87
1
2
5
1
4
1
1
4
3
1
2
1
23
1
44
1
2
2
1
1
1
5
1
1
4
3
21
1
1
1
5
1
1
1
3
18
8
3
4
1
1
1
3
1
1
1
1
1
1
1
1
2
1
3
5
2
1
1
2
2
1
7
1
1
16
2
1
8
1
1
7
2
45
12
1
4
1
7
4
1
18
1
1
7
222
1
1
1
1
1
1
1
1
18
2
3
4
1
1
5
1
1
10
1
1
1
2
1
1
1
8
1
2
1
1
1
260
1
1
12
2
4
1
1
3
1
3
1
1
6
2
10
431
1
1
1
1
7
1
224
86
8
2
4
1
4
1
1
2
2
8
5
1
8
1
1
1
1
4
6
164
14
1
1
1
1
179
1
3
1
7
2
17
3
264
48
1
1
120
1
1
1
6
2
1
9
7
1
1
1
1
1
2
1
23
1
1
1
1
1
1
1
2
1
2
12
1
1
1
1
1
43
1
25
1
1
1
1
29
1
5
1
2
3
1
1
1
48
1
1
1
1
1
2
1
12
8
22
1
1
1
3
6
1
1
1
1
1
1
3
6
1
325
4
2
2
3
1
2
2
2
1
3
36
6
1
1
4
1
2
1
1
1
1
80
1
2
1
1
96
1
1
1
23
4
1
3
1
1
1
3
2
1
5
41
10
11
3
1
116
35
1
1
1
1
412
1
5
25
1
1
1
7
4
25
1
2
14
14
1
1
3
5
404
1
1
1
2
142
2
4
21
1
1
1
3
1
1
1
