1025 10.5 11.875
258 6.625 4.0
515 30.375 23.5
1029 26.5 12.25
1031 26.181 16.25
649 16.375 11.375
10 29.125 18.5
535 20.375 8.875
781 32.069 15.875
526 25.0 13.375
657 23.875 9.375
1027 17.364 8.25
916 18.125 14.5
1045 29.375 14.625
1046 25.625 19.0
1175 46.875 34.25
1432 15.25 14.875
800 24.25 14.25
1441 24.875 17.375
546 27.875 10.625
1571 31.25 14.375
421 18.75 9.75
296 4.5 1.625
41 22.0 10.25
1395 5.625 4.875
257 21.125 13.0
178 32.125 20.75
563 18.25 10.125
1589 43.5 24.875
1206 21.722 9.5
1545 26.75 16.25
312 13.75 10.875
185 33.375 15.5
87 21.75 8.25
1213 17.125 21.334
693 15.25 7.5
928 18.25 8.875
505 26.625 10.875
71 25.875 16.5
160 29.125 25.25
335 10.0 6.0
592 20.75 14.0
977 43.5 26.75
338 30.625 12.25
416 18.25 5.5
1236 27.0 14.75
1493 64.0 39.056
215 20.125 10.375
1111 33.0 13.625
847 33.5 18.25
860 56.75 21.75
1376 24.125 21.375
993 20.75 36.375
1123 25.875 17.625
1382 15.875 5.875
864 29.25 13.125
488 36.25 19.625
1002 32.75 15.75
493 16.5 12.0
1006 30.25 21.25
1265 23.0 14.0
115 118.25 71.625
366 7.375 5.375
760 34.25 23.5
633 24.0 15.25
1018 16.125 9.125
