216 15.375 9.0
1168 4.0 3.375
1111 12.625 7.625
717 28.5 9.25
993 15.125 11.0
331 5.5 3.5
693 16.375 4.75
864 32.25 12.125
1045 26.125 22.25
1031 14.5 12.375
1018 15.681 10.75
1008 29.25 13.75
480 5.125 6.75
965 9.875 7.375
1213 12.5 15.0
781 30.625 12.25
1292 5.25 4.625
488 21.25 17.625
977 27.125 13.625
133 9.0 4.875
1102 9.25 9.125
312 11.875 6.625
700 18.0 6.375
421 10.625 5.0
760 23.625 11.25
1046 12.5 7.375
707 26.125 10.875
860 20.375 17.375
1441 10.125 7.125
563 14.197 6.625
630 13.0 10.75
