257 11.875 7.625
912 8.375 6.875
1027 19.5 12.625
1029 15.5 8.75
1025 5.75 7.75
649 13.5 4.625
1175 17.864 14.875
268 28.25 16.25
781 21.625 13.25
270 20.625 7.5
1168 8.75 4.25
657 26.75 8.5
515 14.489 19.5
916 12.875 7.0
1045 25.5 23.625
535 12.375 7.125
800 14.239 9.875
1441 13.795 12.875
1571 12.25 14.875
421 7.75 6.75
296 6.875 2.875
1451 13.75 4.75
812 16.489 13.75
563 19.375 14.75
693 16.0 9.0
312 19.875 17.125
1213 11.375 12.528
318 13.625 8.75
1589 26.75 11.625
928 13.75 8.875
707 21.0 11.375
965 7.25 5.75
71 28.853 17.375
329 4.875 5.625
160 15.0 8.0
716 20.625 14.625
847 23.375 13.375
592 14.875 10.25
977 15.25 15.625
338 21.125 10.125
1236 13.5 8.25
87 17.25 9.25
216 21.0 14.5
1241 7.375 4.25
860 24.25 21.375
480 14.25 10.0
864 19.75 12.375
1123 11.875 7.75
1382 14.5 11.625
488 22.5 20.75
493 22.0 17.5
366 9.875 11.5
1008 18.0 18.5
1265 22.0 13.0
114 27.75 20.625
115 71.489 59.0
1031 12.75 4.875
505 22.989 7.75
1278 14.056 10.5
789 12.25 7.25
