684 23.25 10.5
989 9.5 6.0
657 30.25 14.875
1031 20.864 9.0
447 13.375 8.625
1006 19.25 10.375
268 24.614 15.375
700 13.5 6.875
1441 22.75 18.875
216 18.375 8.125
1008 29.0 16.625
630 25.853 21.625
1484 21.375 6.25
1529 13.125 3.625
1213 20.75 5.375
1265 19.25 4.75
693 11.625 5.25
781 29.5 9.5
717 44.375 17.417
515 14.25 9.375
1111 16.25 6.75
760 39.0 13.25
116 20.75 18.653
1545 12.125 4.375
674 35.125 12.5
716 18.25 9.5
71 22.625 7.875
1158 27.0 13.5
1045 28.875 11.625
416 22.25 11.75
658 11.875 8.625
493 21.125 6.625
