1025 6.0 5.375
1027 17.875 8.75
1029 20.375 5.0
1560 25.125 10.875
257 27.125 15.375
8 17.0 3.5
649 33.25 13.625
1175 23.5 15.125
781 28.75 11.5
1168 15.75 8.903
657 26.75 13.403
658 19.125 8.0
1045 28.875 15.625
1046 21.875 11.292
279 9.25 2.5
1432 17.875 14.875
157 23.5 8.875
1566 65.125 32.875
160 10.5 7.25
416 11.0 5.375
674 23.5 19.875
1571 44.25 10.125
178 27.25 11.125
1441 15.5 13.625
1438 40.681 24.375
1206 27.375 11.653
1336 11.364 4.125
1338 25.125 8.875
1213 27.875 15.625
1216 32.375 13.25
800 12.125 4.5
195 32.25 10.875
289 43.364 11.125
716 23.75 16.028
1484 47.625 11.5
717 64.5 26.653
847 30.375 12.0
976 13.0 7.375
721 47.125 20.25
338 28.114 14.875
1123 33.75 13.25
87 18.5 6.625
335 16.25 8.0
92 21.625 11.0
94 38.114 32.778
608 1.5 2.0
1232 33.25 22.25
739 32.375 15.417
742 18.75 12.25
593 25.375 12.5
488 22.625 10.25
530 37.125 13.75
1518 10.5 9.125
1008 18.25 12.0
114 21.722 16.5
627 16.125 5.625
1140 11.125 6.375
1398 19.5 6.25
631 18.25 8.75
760 31.614 18.25
505 24.75 8.25
252 17.0 8.375
